0 6919 81 0 
1 6904 96 0 
2 6889 111 0 
3 6869 119 12 
4 6849 127 24 
5 6833 127 40 
6 6816 129 55 
7 6794 141 65 
8 6779 128 93 
9 6766 117 117 
10 6755 99 146 
11 6747 88 165 
12 6743 74 183 
13 6737 61 202 
14 6734 47 219 
15 6729 40 231 
16 6725 35 240 
17 6723 27 250 
18 6722 20 258 
19 6717 22 261 
20 6714 17 269 
21 6709 21 270 
22 6705 18 277 
23 6704 16 280 
24 6701 18 281 
25 6697 20 283 
26 6695 20 285 
27 6693 18 289 
28 6693 10 297 
29 6693 8 299 
30 6693 6 301 
31 6692 4 304 
32 6692 4 304 
33 6691 3 306 
34 6691 2 307 
35 6689 4 307 
36 6689 4 307 
37 6689 3 308 
38 6689 2 309 
39 6689 2 309 
40 6689 1 310 
41 6689 0 311 
42 6689 0 311 
43 6689 0 311 
44 6689 0 311 
45 6689 0 311 
46 6689 0 311 
47 6689 0 311 
48 6689 0 311 
49 6689 0 311 
50 6689 0 311 
51 6689 0 311 
52 6689 0 311 
53 6689 0 311 
54 6689 0 311 
55 6689 0 311 
56 6689 0 311 
57 6689 0 311 
58 6689 0 311 
59 6689 0 311 
60 6689 0 311 
61 6689 0 311 
62 6689 0 311 
63 6689 0 311 
64 6689 0 311 
65 6689 0 311 
66 6689 0 311 
67 6689 0 311 
68 6689 0 311 
69 6689 0 311 
70 6689 0 311 
71 6689 0 311 
72 6689 0 311 
73 6689 0 311 
74 6689 0 311 
75 6689 0 311 
76 6689 0 311 
77 6689 0 311 
78 6689 0 311 
79 6689 0 311 
80 6689 0 311 
81 6689 0 311 
82 6689 0 311 
83 6689 0 311 
84 6689 0 311 
85 6689 0 311 
86 6689 0 311 
87 6689 0 311 
88 6689 0 311 
89 6689 0 311 
90 6689 0 311 
91 6689 0 311 
92 6689 0 311 
93 6689 0 311 
94 6689 0 311 
95 6689 0 311 
96 6689 0 311 
97 6689 0 311 
98 6689 0 311 
99 6689 0 311 
