0 6927 73 0 
1 6919 81 0 
2 6910 90 0 
3 6899 87 14 
4 6893 81 26 
5 6884 83 33 
6 6874 81 45 
7 6867 73 60 
8 6858 71 71 
9 6845 71 84 
10 6837 71 92 
11 6826 79 95 
12 6820 77 103 
13 6814 75 111 
14 6806 71 123 
15 6796 73 131 
16 6785 80 135 
17 6779 74 147 
18 6771 74 155 
19 6763 75 162 
20 6756 67 177 
21 6745 72 183 
22 6741 62 197 
23 6737 58 205 
24 6728 59 213 
25 6719 63 218 
26 6710 71 219 
27 6706 71 223 
28 6692 78 230 
29 6687 72 241 
30 6679 68 253 
31 6663 79 258 
32 6659 71 270 
33 6643 80 277 
34 6627 94 279 
35 6616 92 292 
36 6607 92 301 
37 6596 96 308 
38 6585 99 316 
39 6562 116 322 
40 6541 125 334 
41 6521 138 341 
42 6508 137 355 
43 6494 132 374 
44 6483 124 393 
45 6470 124 406 
46 6459 125 416 
47 6445 126 429 
48 6423 129 448 
49 6412 126 462 
50 6394 136 470 
51 6369 146 485 
52 6352 145 503 
53 6332 148 520 
54 6317 145 538 
55 6296 146 558 
56 6272 148 580 
57 6252 151 597 
58 6234 160 606 
59 6217 158 625 
60 6197 165 638 
61 6177 167 656 
62 6157 174 669 
63 6143 168 689 
64 6126 170 704 
65 6105 175 720 
66 6091 166 743 
67 6076 169 755 
68 6046 177 777 
69 6029 175 796 
70 6010 175 815 
71 5984 184 832 
72 5955 199 846 
73 5929 204 867 
74 5905 197 898 
75 5873 211 916 
76 5853 213 934 
77 5827 221 952 
78 5801 226 973 
79 5779 227 994 
80 5753 231 1016 
81 5733 225 1042 
82 5705 228 1067 
83 5687 218 1095 
84 5661 216 1123 
85 5637 213 1150 
86 5608 222 1170 
87 5592 220 1188 
88 5575 206 1219 
89 5559 198 1243 
90 5539 198 1263 
91 5526 184 1290 
92 5510 184 1306 
93 5487 181 1332 
94 5464 181 1355 
95 5445 184 1371 
96 5420 196 1384 
97 5398 201 1401 
98 5378 190 1432 
99 5364 177 1459 
100 5347 181 1472 
101 5321 186 1493 
102 5301 185 1514 
103 5281 188 1531 
104 5264 173 1563 
105 5240 179 1581 
106 5224 173 1603 
107 5203 176 1621 
108 5184 168 1648 
109 5166 164 1670 
110 5147 169 1684 
111 5130 160 1710 
112 5112 159 1729 
113 5103 143 1754 
114 5092 140 1768 
115 5081 139 1780 
116 5074 128 1798 
117 5063 124 1813 
118 5050 122 1828 
119 5042 115 1843 
120 5035 104 1861 
121 5028 96 1876 
122 5025 83 1892 
123 5014 83 1903 
124 5012 71 1917 
125 5004 67 1929 
126 5001 60 1939 
127 4997 55 1948 
128 4995 50 1955 
129 4991 49 1960 
130 4986 51 1963 
131 4982 44 1974 
132 4981 39 1980 
133 4978 37 1985 
134 4974 36 1990 
135 4971 32 1997 
136 4970 29 2001 
137 4969 25 2006 
138 4969 25 2006 
139 4968 19 2013 
140 4968 17 2015 
141 4968 17 2015 
142 4968 13 2019 
143 4968 11 2021 
144 4968 10 2022 
145 4967 9 2024 
146 4967 7 2026 
147 4967 3 2030 
148 4967 2 2031 
149 4967 2 2031 
