0 6916 84 0 
1 6891 109 0 
2 6856 144 0 
3 6830 160 10 
4 6795 178 27 
5 6767 185 48 
6 6738 189 73 
7 6712 189 99 
8 6685 178 137 
9 6660 172 168 
10 6643 139 218 
11 6620 135 245 
12 6593 142 265 
13 6572 137 291 
14 6544 149 307 
15 6511 156 333 
16 6475 160 365 
17 6440 182 378 
18 6403 194 403 
19 6361 205 434 
20 6335 200 465 
21 6298 205 497 
22 6232 230 538 
23 6161 268 571 
24 6103 288 609 
25 6029 322 649 
26 5950 359 691 
27 5862 399 739 
28 5776 429 795 
29 5704 441 855 
30 5610 465 925 
31 5505 509 986 
32 5396 552 1052 
33 5271 582 1147 
34 5157 618 1225 
35 5020 639 1341 
36 4868 687 1445 
37 4748 699 1553 
38 4626 712 1662 
39 4487 734 1779 
40 4367 730 1903 
41 4216 762 2022 
42 4070 795 2135 
43 3918 816 2266 
44 3769 828 2403 
45 3622 828 2550 
46 3462 846 2692 
47 3307 855 2838 
48 3170 849 2981 
49 3048 837 3115 
50 2922 806 3272 
51 2820 774 3406 
52 2710 728 3562 
53 2623 671 3706 
54 2546 625 3829 
55 2468 559 3973 
56 2406 490 4104 
57 2348 441 4211 
58 2294 405 4301 
59 2260 346 4394 
60 2223 320 4457 
61 2192 286 4522 
62 2168 248 4584 
63 2136 226 4638 
64 2113 201 4686 
65 2089 186 4725 
66 2076 159 4765 
67 2058 141 4801 
68 2040 127 4833 
69 2025 117 4858 
70 2007 106 4887 
71 1994 100 4906 
72 1986 90 4924 
73 1973 78 4949 
74 1961 75 4964 
75 1952 68 4980 
76 1942 66 4992 
77 1938 57 5005 
78 1930 51 5019 
79 1924 47 5029 
80 1923 40 5037 
81 1918 39 5043 
82 1915 32 5053 
83 1912 24 5064 
84 1910 20 5070 
85 1907 19 5074 
86 1907 15 5078 
87 1906 11 5083 
88 1904 10 5086 
89 1903 9 5088 
90 1901 10 5089 
91 1899 12 5089 
92 1896 11 5093 
93 1894 11 5095 
94 1893 12 5095 
95 1892 11 5097 
96 1891 7 5102 
97 1890 7 5103 
98 1889 8 5103 
99 1889 6 5105 
