0 6914 86 0 
1 6891 109 0 
2 6858 142 0 
3 6824 169 7 
4 6787 184 29 
5 6755 196 49 
6 6719 205 76 
7 6696 196 108 
8 6664 192 144 
9 6633 188 179 
10 6606 168 226 
11 6594 148 258 
12 6570 145 285 
13 6556 126 318 
14 6544 117 339 
15 6532 106 362 
16 6517 96 387 
17 6509 75 416 
18 6498 70 432 
19 6487 72 441 
20 6475 71 454 
21 6473 57 470 
22 6469 46 485 
23 6461 46 493 
24 6450 52 498 
25 6438 56 506 
26 6431 53 516 
27 6425 52 523 
28 6414 55 531 
29 6401 57 542 
30 6387 63 550 
31 6381 60 559 
32 6368 60 572 
33 6357 61 582 
34 6340 70 590 
35 6329 75 596 
36 6320 71 609 
37 6308 67 625 
38 6299 65 636 
39 6295 51 654 
40 6290 49 661 
41 6283 47 670 
42 6276 45 679 
43 6269 41 690 
44 6260 39 701 
45 6248 44 708 
46 6237 50 713 
47 6230 46 724 
48 6215 59 726 
49 6209 56 735 
50 6193 62 745 
51 6178 69 753 
52 6165 68 767 
53 6155 73 772 
54 6146 75 779 
55 6125 85 790 
56 6106 91 803 
57 6081 104 815 
58 6061 110 829 
59 6040 116 844 
60 6013 126 861 
61 5995 134 871 
62 5950 155 895 
63 5902 184 914 
64 5850 209 941 
65 5788 236 976 
66 5709 293 998 
67 5645 321 1034 
68 5574 349 1077 
69 5497 373 1130 
70 5424 399 1177 
71 5358 413 1229 
72 5282 426 1292 
73 5210 421 1369 
74 5146 415 1439 
75 5090 396 1514 
76 5042 374 1584 
77 4988 364 1648 
78 4960 329 1711 
79 4922 292 1786 
80 4888 267 1845 
81 4862 230 1908 
82 4836 209 1955 
83 4810 192 1998 
84 4783 181 2036 
85 4761 170 2069 
86 4739 160 2101 
87 4719 140 2141 
88 4698 130 2172 
89 4682 116 2202 
90 4663 116 2221 
91 4653 108 2239 
92 4644 99 2257 
93 4635 84 2281 
94 4627 72 2301 
95 4620 61 2319 
96 4610 56 2334 
97 4605 46 2349 
98 4601 42 2357 
99 4598 34 2368 
