0 6916 84 0 
1 6881 119 0 
2 6841 159 0 
3 6798 183 19 
4 6737 224 39 
5 6660 279 61 
6 6591 314 95 
7 6511 369 120 
8 6419 412 169 
9 6307 473 220 
10 6209 511 280 
11 6091 550 359 
12 5973 597 430 
13 5848 635 517 
14 5719 685 596 
15 5562 749 689 
16 5411 799 790 
17 5263 819 918 
18 5126 812 1062 
19 4983 827 1190 
20 4842 856 1302 
21 4722 826 1452 
22 4556 854 1590 
23 4419 869 1712 
24 4292 857 1851 
25 4155 854 1991 
26 4034 814 2152 
27 3928 784 2288 
28 3822 761 2417 
29 3727 712 2561 
30 3641 648 2711 
31 3554 599 2847 
32 3478 557 2965 
33 3395 523 3082 
34 3343 488 3169 
35 3296 445 3259 
36 3236 419 3345 
37 3196 371 3433 
38 3156 330 3514 
39 3119 301 3580 
40 3081 286 3633 
41 3045 266 3689 
42 3016 238 3746 
43 2995 213 3792 
44 2970 202 3828 
45 2953 177 3870 
46 2930 160 3910 
47 2915 139 3946 
48 2906 122 3972 
49 2891 106 4003 
50 2884 88 4028 
51 2878 73 4049 
52 2875 54 4071 
53 2867 55 4078 
54 2863 48 4089 
55 2860 38 4102 
56 2855 37 4108 
57 2853 31 4116 
58 2845 37 4118 
59 2841 33 4126 
60 2837 31 4132 
61 2832 26 4142 
62 2831 20 4149 
63 2829 18 4153 
64 2824 19 4157 
65 2822 13 4165 
66 2820 13 4167 
67 2819 12 4169 
68 2814 14 4172 
69 2813 12 4175 
70 2812 11 4177 
71 2810 12 4178 
72 2807 14 4179 
73 2806 11 4183 
74 2805 11 4184 
75 2804 8 4188 
76 2800 10 4190 
77 2797 11 4192 
78 2797 10 4193 
79 2795 11 4194 
80 2795 10 4195 
81 2793 8 4199 
82 2793 6 4201 
83 2792 5 4203 
84 2792 5 4203 
85 2792 4 4204 
86 2792 3 4205 
87 2792 1 4207 
88 2792 0 4208 
89 2792 0 4208 
90 2792 0 4208 
91 2792 0 4208 
92 2792 0 4208 
93 2792 0 4208 
94 2792 0 4208 
95 2792 0 4208 
96 2792 0 4208 
97 2792 0 4208 
98 2792 0 4208 
99 2792 0 4208 
